


26/04/2023                                                    APR  2023
      JWM                                                                                                           1

                                                                                          SBI,Ind.Est, Kanpur
400136 ------------------------------------------------------------------------------------------------
                  179456                                                                   10                       7
                                          194           126                                3000


                53600                             0                              0        /                       0
                   0                           7611                              0        /                       0
                   0                              0                              0        /                       0

               22512                              0                              0        /                       0
                                                 60                              0        /                      54
                   0                           3000                              0        /                       0
                9648                              0                              0        /                       0
                   0                              0                              0        /                       0
                                                  0                              0                                5
                5112                              0                              0        /   
                   0                            120
                   0                              0
                   0                          10656
                   0
                   0


                90872                          10791                                                         59
                Rs  80022                                                 BKUPS0632P







26/04/2023                                                    APR  2023
      JWM                                                                                                           2

                                                                                          SBI,Ind.Est, Kanpur
410287 -----------------------------------------------------------------------------------------------
                  195256                                                                    5                       7
                  40000                   302           542                                7000


                58600                         20000                              0        /                       0
                   0                              0                              0        /                     500
                   0                              0                              0        /                       0

               24612                              0                              0        /                       0
                                                 60                              0        /                      59
                   0                           3500                              0        /                       0
               10548                              0                              0        /                       0
                   0                              0                              0        /                       0
                                                  0                              0                                5
                5112                              0                              0        /   
                   0                            140
                   0                              0
                   0                              0
                   0
                   0


                98872                          23700                                                         564
                Rs  74608                                                 AEUPK9536K







26/04/2023                                                    APR  2023
      JWM                                                                                                           3

                                                                                          SBI,Ind.Est, Kanpur
410332 -----------------------------------------------------------------------------------------------
                  189884                                                                   10                       7
                  30000                   315           530                                8000


                56900                         15000                              0        /                    1674
                   0                              0                              0        /                   21420
                   0                              0                              0        /                       0

               23898                              0                              0        /                       0
                                                 60                              0        /                      57
                   0                           4000                              0        /                       0
               10242                              0                              0        /                       0
                   0                              0                              0        /                       0
                                                  0                              0                                5
                5112                              0                              0        /   
                   0                            160
                   0                              0
                   0                              0
                   0
                   0


                96152                          19220                                                         23156
                Rs  53776                                                 AQMPS6198M







26/04/2023                                                    APR  2023
      JWM                                                                                                           4

                                                                                          SBI,Ind.Est, Kanpur
410386 -----------------------------------------------------------------------------------------------
                  200944                                                                    6                       7
                  20000                   300           155                               10000


                60400                         10000                              0        /                       0
                   0                              0                              0        /                   12736
                   0                              0                              0        /                       0

               25368                              0                              0        /                       0
                                                 60                              0        /                      60
                   0                           5000                              0        /                       0
               10872                              0                              0        /                       0
                   0                              0                              0        /                       0
                                                  0                              0                                5
                5112                              0                              0        /   
                   0                            200
                   0                              0
                   0                              0
                   0
                   0


                101752                         15260                                                         12801
                Rs  73691                                                 AIJPK9379D







26/04/2023                                                    APR  2023
      JWM                                                                                                           5

                                                                                          SBI,Ind.Est, Kanpur
410395 -----------------------------------------------------------------------------------------------
                  200944                                                                    5                       7
                  50000                   305            41                                9000


                60400                         25000                              0        /                       0
                   0                              0                              0        /                    4000
                   0                              0                              0        /                       0

               25368                              0                              0        /                       0
                                                 60                              0        /                      60
                   0                           4500                              0        /                       0
               10872                              0                              0        /                       0
                   0                              0                              0        /                       0
                                                  0                              0                                5
                5112                              0                              0        /   
                   0                            180
                   0                              0
                   0                              0
                   0
                   0


                101752                         29740                                                         4065
                Rs  67947                                                 AFXPB7070B







26/04/2023                                                    APR  2023
      JWM                                                                                                           6

                                                                                          SBI,Ind.Est, Kanpur
410525 -----------------------------------------------------------------------------------------------
                  195256                                                                    8                       7
                  22000                   293           316                                8000


                58600                         12000                              0        /                       0
                   0                              0                              0        /                   19360
                   0                              0                              0        /                       0

               24612                              0                              0        /                       0
                                                 60                              0        /                      59
                   0                           4000                              0        /                       0
               10548                              0                              0        /                       0
                   0                              0                              0        /                       0
                                                  0                              0                                5
                5112                              0                              0        /   
                   0                            160
                   0                              0
                   0                              0
                   0
                   0


                98872                          16220                                                         19424
                Rs  63228                                                 ADQPD5807K




